14425
14394
11510
10940
25680
28136
28361
25656
10144
28880
14336
10327
24907
16884
20595
25105
10503
25076
15681
29143
18314
25710
16005
15269
10740
12454
16855
20365
23226
27938
23210
20387
13861
21568
28338
21516
10915
12293
22401
17089
28040
20966
25224
16066
11221
29003
29949
15076
17764
16494
24824
19548
18703
20964
14531
17460
25635
12353
26141
21351
20275
15979
16442
18732
21518
10567
24924
25030
14555
10789
17676
28894
19745
28497
15814
24575
20357
22882
16688
16117
11334
23262
18934
29778
17692
10986
24433
18320
20891
24733
21526
15263
12712
14983
16141
22194
29594
25029
14253
11113
17175
28526
17290
27099
25342
12163
21180
16917
19046
18270
21935
17898
16613
17697
13966
22691
22793
26995
26179
17229
14261
10086
13530
16848
27923
12942
14126
29768
23596
23255
28273
13950
11995
18800
26050
16625
29603
16988
14730
10930
15728
19335
26680
23929
19784
12766
25661
23631
26512
12502
10830
28849
18638
16878
22297
18328
20227
13978
11218
27461
10251
25422
25815
10003
25239
11652
10465
25344
11352
17051
21622
13551
24983
12601
13042
22642
20769
24712
15070
23480
25184
26021
28159
18134
27577
20898
16143
14731
18230
11071
22423
24249
13897
14929
18911
26213
27549
26896
17390
27052
22994
26883
18521
11070
10590
14356
28166
13710
25252
12223
10107
21135
22655
27671
24125
24658
12222
24912
26487
11944
13082
17443
11456
18972
21601
24211
20788
21015
16870
29630
27127
13484
21572
25690
15491
22488
27453
21424
25356
13937
23034
19739
13980
29340
19790
20887
13653
23279
27956
11158
22428
10640
18912
26480
26370
24521
16025
15045
20192
18382
24018
21808
16177
27231
19194
21281
13830
29160
25297
14523
21011
16119
29126
17520
13045
18186
27073
22800
12113
18535
28678
20432
13331
21764
20775
19966
27267
29313
10103
13623
11483
13745
12811
28400
27765
17198
19822
12956
27274
25220
12377
17509
23801
21263
27019
18479
29909
10283
29378
10221
29583
26788
12924
29780
28050
29962
27009
14323
29116
18013
24047
15182
27854
26073
12172
12973
17610
19441
11348
29657
12716
10093
21715
19981
13064
14222
18544
11414
12686
27030
24606
13374
15516
16079
29850
17695
20612
16286
25538
11027
24618
20373
14854
29593
12631
20826
29446
22839
22211
20336
23676
19646
24759
25358
24201
26659
13222
22471
20103
16242
15834
14766
18384
21255
16759
14175
25691
21026
19946
21975
22137
20395
28663
25658
24704
19474
19048
19725
10755
17818
21805
24585
13854
25194
13940
29054
12960
21002
29147
11209
16401
17312
16916
22609
26148
28945
24895
21446
22585
21053
12877
11585
24059
25208
23071
18300
20831
13459
11559
20593
28508
14157
11713
26815
10390
24470
17241
14452
20789
21632
22549
12653
27427
10287
14960
24460
19332
13000
10997
17496
11162
11757
14758
17528
16873
20809
17674
25419
15125
27694
28531
26852
29409
11875
22753
21435
15971
22406
25724
11213
23024
18552
28051
14341
17789
28837
22371
10412
18967
18878
15726
20024
16479
15350
27449
25782
28363
14159
15291
23078
17588
21037
12850
16975
23595
24158
23556
27451
19376
23463
22024
10480
16811
25240
23518
15287
29646
20993
20863
23575
21814
19417
25983
25671
23120
22811
26647
28568
11704
18584
20663
28448
29123
27459
23920
12467
21196
22640
26390
21257
17220
11861
18685
14379
19344
26086
14299
20590
16422
10601
15352
21300
13892
22992
28839
16297
17132
16879
18942
21782
22944
15423
29670
11731
13313
29855
10635
27897
21540
22675
16947
17796
26687
24602
24929
13989
25508
17815
18930
22513
12704
13266
27305
22103
14036
27295
11183
19258
18642
18476
22080
10330
13334
29145
26235
10317
24886
17633
28104
27370
10866
29485
29951
26315
12444
22343
16679
26645
13173
18313
25431
16113
29163
13862
13483
16100
12775
18266
25007
10212
19498
27786
20136
27247
15199
28459
23647
25919
27783
25767
15643
23412
23774
25570
15469
29993
16033
11208
27456
23184
20947
24770
23906
22710
12040
15324
10869
21439
24446
20066
16971
29365
19956
12036
15815
23672
20295
13162
18000
28208
15927
26820
10665
28251
22626
20902
26843
27970
20960
26598
12055
25838
15860
14541
12863
25285
11583
12790
28827
22962
10632
29053
20982
25210
15380
29719
16993
20704
17088
15316
13915
24675
10065
25009
19413
13889
26862
11739
20141
19747
14365
24074
23457
11980
16757
11691
22302
28922
27794
29050
29271
29669
10862
12265
12643
12073
10699
23241
15150
16069
27006
12460
15005
14722
12045
15418
21190
28187
24016
18850
18901
16285
18532
17131
12541
15721
22043
12190
19672
14753
29322
21177
23133
11746
19049
11214
21801
25461
28822
19627
29695
23324
22496
24121
12821
12343
15940
26762
26968
16913
16880
22403
15737
18958
28988
14847
21607
19963
28836
22925
14583
23669
21927
17723
13506
21393
24312
12482
13391
14549
16133
14638
18098
27567
26007
16608
21373
12720
10343
18882
26479
29564
15110
10253
15190
12284
29749
25873
14007
10541
24863
24950
14354
10411
17355
21238
18094
19208
10074
26934
21541
28613
22049
24062
10917
16890
20764
26888
13437
24807
15883
18504
20967
12020
22743
18636
25086
18405
13727
12285
15510
14337
12662
21445
18192
20654
21272
28474
18081
20779
23189
29731
29725
13656
13757
21876
18308
14284
26045
28416
18500
28142
25453
12626
19465
12213
17224
14289
25907
15853
19629
10516
28699
22432
27890
18862
29843
28556
29806
20613
11373
23045
22419
27215
10220
18675
12330
18818
25706
14469
22552
17015
17456
13521
10407
21624
20546
14395
17804
24372
11697
25177
29213
21837
19139
27826
11669
12943
22635
15426
17627
26562
24200
21310
13673
18578
22700
18126
23537
10437
22989
13981
20935
21125
21410
17153
14553
29120
27222
27071
24527
20822
28505
17211
19750
23768
29662
19641
19709
12439
16444
14363
27486
25966
21235
15142
18864
21604
14629
29610
21777
27728
22308
16365
27164
28270
11356
29350
19330
16977
15506
27097
25161
10727
16373
18742
27620
20020
18849
18494
14573
27615
24743
25864
23363
23674
13662
10738
12143
28124
16603
15351
16775
21590
14190
15099
23326
21382
11622
12666
17411
24188
25741
11693
24623
18978
14244
26502
23107
19219
26201
13407
15964
11754
21496
29569
23889
24553
26595
12089
15398
21501
23334
29779
22779
29609
18165
15578
27123
18790
16724
15329
17571
22685
26498
16554
26320
15939
27712
19590
23686
10911
17562
19691
26377
25407
10696
23744
13512
20865
25979
27100
23762
21200
15004
14131
26547
29433
17522
14291
12288
14482
16035
18082
25493
29090
18968
16612
16869
23830
16498
13075
15534
20255
13833
28609
20525
17352
26225
14841
27494
12638
25495
25071
17964
20457
29318
14348
11983
14550
15710
28228
21054
10134
19283
14843
17394
24955
22720
16578
28192
17574
23521
10032
15415
22490
13022
18879
23031
10593
22965
28630
17752
14070
24564
21197
24817
27259
23969
28621
27178
13100
27192
22987
23849
27637
15167
29124
10825
17629
10105
22747
10753
10736
16149
18799
15526
16395
23164
25052
23804
21467
28562
24636
27536
23183
24225
15873
26717
25102
29052
26132
21629
22695
29737
24827
26551
16702
29683
10481
14818
24426
23379
10620
17466
17445
18260
13291
20496
19136
24683
12309
21892
26872
12980
19125
11405
16525
25044
27929
14835
29236
18051
17378
29364
12760
12050
15124
15358
29077
13458
25791
13992
21402
14268
27035
13527
11175
25201
18365
14814
25159
24078
28667
10116
14447
16655
11000
10017
26689
15431
24825
23254
25083
15058
13976
20756
22028
15867
20046
15846
11457
10204
23988
18625
11709
14204
11075
27967
24383
17333
15748
22550
25025
25296
10919
24254
18302
11186
28489
18602
12097
11064
23499
26997
14908
18516
27040
28869
21983
20528
29329
13163
12195
28962
26713
19654
20074
13254
28165
28012
21325
10477
20690
23648
22399
18903
13252
25308
10802
15801
27693
11563
18632
10307
10019
21475
12904
20890
11091
22092
20431
27401
26253
29380
10436
27196
24591
25844
25521
12885
10675
10337
26049
24306
29379
19985
17745
27959
16497
29520
27763
22165
18759
14680
15360
15942
28149
25814
23467
19148
26999
24994
16813
13066
16712
19510
20495
14858
26134
18793
24687
22141
23532
21314
17193
24457
26773
26466
17988
21787
11728
25510
27726
17584
27465
26920
19155
28246
17449
20616
28713
11036
19293
22694
28055
24262
19090
23163
29592
21897
27340
15590
28828
11066
25019
14527
16165
12788
23745
20636
23947
14876
28934
22656
19864
20854
23775
25997
17956
16876
13268
11922
17135
17495
19487
14264
16332
28580
13760
18008
10819
20375
10010
21152
16198
21504
12014
13856
10877
15386
15458
18503
15546
10124
26184
15714
16090
16049
11478
17383
16296
29644
12918
27029
15603
21885
22470
28009
11737
26723
13350
11552
17429
27354
24801
18236
18722
22288
21194
27280
13552
26286
10534
28842
11388
19936
25972
28467
28127
25852
17638
23528
16867
22376
11193
10805
16008
14128
13959
26386
19022
19767
15589
15061
29549
10248
21709
22486
23862
11454
13898
10718
15743
12295
25777
14270
26099
19835
12415
12910
15335
14789
17962
24338
10953
21914
21785
19740
14701
18374
15373
15707
21478
27932
15623
18415
23823
27749
11476
28451
25637
16052
14039
10638
21022
22335
20617
29613
20608
21144
15248
28357
21040
28210
10757
11962
25647
28367
12011
27858
16838
23003
16172
21094
17909
28731
24440
25778
18152
25332
14167
18018
23530
18404
20278
17306
11169
25849
12378
26393
27804
20005
24289
28650
16943
22167
15795
18083
26587
10078
23900
17953
29895
27356
28961
17888
24329
14097
29209
21544
12673
26985
13434
25099
17094
16478
11401
17589
13230
27383
17726
23383
21418
22134
12738
22728
23913
20004
25238
25169
11681
13381
13848
13338
16508
21107
26334
27425
27393
22309
13192
16438
26138
23432
11090
25394
17814
22244
15548
21806
12792
25559
15733
20158
26277
14862
17236
21610
25209
28312
24402
29182
21297
19255
24848
26740
24856
10135
21841
13244
22999
19808
14282
16272
19095
15784
29062
29244
23062
11085
25674
29467
16063
19925
22377
12389
10466
16205
18289
25191
25421
19027
24925
12304
13063
15007
29751
14276
16517
18361
27529
27013
29471
11961
23008
11488
13547
18892
16644
25468
22148
28633
21731
11799
15388
22396
29363
29832
11651
28100
27899
28658
10949
12539
28671
26224
25922
13622
23313
11885
26927
24148
20016
20946
22984
12747
28360
28947
16416
24885
12426
25341
27278
17581
20047
28405
27706
29041
12105
21324
21127
20693
24976
12136
28178
26765
19705
26428
27850
20903
12026
21349
17939
19602
16292
11061
19780
26237
25541
20279
28007
13597
16972
14842
29388
22086
21831
13999
14071
14705
23357
18709
11481
22510
23394
19038
11749
25335
27710
23009
20686
11794
25117
29919
24220
24280
15077
25681
18410
21427
11534
15233
15146
23735
21751
11039
12578
28750
21014
20830
27343
11670
20412
11508
16698
17897
12831
15689
11417
13119
20454
27085
21285
26294
24898
11223
20560
15307
20633
18637
29443
12817
16464
19537
23443
19266
22809
28074
24024
24053
14281
17231
12518
17780
12675
13879
22790
29191
27337
21082
14944
29254
17734
11297
26274
10213
11471
26483
27584
21883
18245
27721
20755
25310
15884
15959
11194
23982
15217
18997
24879
13298
29440
24988
26898
12466
27889
18228
26296
20543
25937
13206
16646
24674
18074
21839
20126
15356
26748
27372
14350
20446
18275
25458
27526
25718
26292
12098
28239
17974
28335
22724
15180
16868
26709
20912
23208
23473
28314
14891
23937
25826
12314
24410
10120
19724
15159
28582
19429
22098
11549
18282
19291
18366
14219
11168
17558
17720
17708
28682
28339
12567
25125
14415
28371
16341
16676
27059
17172
27718
23604
19124
29514
14000
19706
18964
27240
10133
10871
16849
11828
24626
16777
25130
16626
26840
10788
22305
12537
19975
23757
14333
13775
27093
25936
25768
18846
22011
12428
15136
27360
15586
14078
25464
23584
20171
25855
11824
11859
24106
12825
11527
10155
24584
17743
10880
26949
15185
15824
24082
27713
25636
25170
12227
16363
11991
25053
13257
20334
24509
29447
23495
28528
26228
15377
15924
11381
10048
10402
14721
29316
21193
23881
23918
29458
25157
15049
23354
23452
20239
11848
29509
20732
10290
16266
15118
18132
21991
20167
18753
27888
16059
14988
20320
29377
13081
25454
17381
10353
23690
18962
22157
17282
14293
16068
12903
17392
18156
29415
19400
14133
18351
29385
11765
13539
22140
19851
25094
12076
28973
19766
13096
27665
17639
21028
11342
12480
27316
23292
13351
15259
23099
17060
19371
20135
14383
20483
25262
14034
16208
27672
11555
18854
22866
26873
27374
17367
23791
14076
18565
17404
11778
14513
27624
24852
16920
15796
26057
29026
15955
20823
21711
23085
20759
17997
22862
17787
18272
22149
27571
22521
19156
16521
26210
18833
24278
21512
29266
18704
26619
11594
24614
11560
26192
20415
16486
19406
19574
21383
26702
12823
25118
20252
25235
28258
28888
21988
22448
16245
27701
15612
29687
17739
24221
19447
10004
22455
23601
27158
27333
23265
26035
26931
11814
27742
12500
19675
18680
14976
19723
24818
22070
16215
24673
23229
19094
27253
24635
22312
17533
11346
21456
26254
25298
16995
24954
23070
20143
12761
10795
23656
14518
15876
15303
25078
12737
21114
28473
21392
18249
15782
13687
23979
23342
17099
15545
26588
28140
25442
27407
20516
26278
24947
24039
15247
15109
23398
24546
25351
14116
27760
17845
26806
12618
19733
21745
25112
27431
21971
11604
28957
27825
15958
29938
26472
19738
18931
11271
18133
24663
21096
22784
10234
10159
15168
13838
24966
13344
16375
24982
18286
29408
10611
17735
16017
20459
20812
18151
18084
29667
10384
22033
17730
26683
13429
23454
13837
18451
25432
12074
13604
17529
25776
19002
26177
12179
26622
12417
25395
19943
17442
17207
25679
22794
27406
26350
13413
26129
12021
22848
29186
20707
28107
20705
14009
11769
15659
20679
19281
15504
10678
12935
21527
10657
19990
26830
29912
27458
12794
15204
23608
24846
13132
15462
20372
25174
16680
24779
13986
11227
20354
23232
17032
29591
21282
21454
17536
16978
21495
26929
27685
24716
29234
21869
16954
16606
15482
13949
28201
27675
19914
23730
11321
27376
11878
13172
29027
14902
17292
26365
23236
18844
13936
14989
20596
22974
21551
23001
12576
14800
14473
14080
15294
19949
19471
26276
11199
14806
20653
12248
12219
19532
24193
13219
24906
24034
14508
24555
14749
14160
28458
13753
15995
18767
12385
16126
22227
25539
23857
29158
23152
18597
18653
11004
19012
26077
21617
26187
19245
22602
29752
22119
16522
11804
26945
13867
12182
17204
18490
16432
28403
26251
10348
26410
27893
14587
12916
18097
23068
27482
19174
15520
19690
15706
22440
28718
10692
20476
17279
18573
27806
15463
25439
27882
25788
27055
16138
29103
23617
21727
22368
24120
10467
26182
25555
16155
15207
28218
22539
14519
24431
27463
16894
27998
10468
15198
28466
16336
17300
17182
14413
16457
26531
17380
20927
10820
23567
15592
17628
12753
22795
15402
22863
21671
18244
20092
10729
21484
24550
25744
18880
21262
27818
26555
13452
17203
17018
19720
20088
28280
19911
15154
14514
24639
13736
24319
15202
19333
19719
26853
26347
18355
21462
15098
26624
11074
13609
29494
15974
12001
29550
18684
19653
28527
27947
22264
14656
17481
21931
16353
19209
29235
21068
20911
12459
24456
20219
28970
23809
28265
10322
12140
25386
19279
14403
24775
22762
22078
14215
10352
28002
24866
15645
29528
17757
22697
13672
27593
25573
27466
14797
16452
22351
11588
10235
21384
20468
19621
26684
24070
18491
15879
22144
27224
18178
23800
23442
10714
27330
25027
29328
16085
26175
21218
24036
12007
16026
12723
16842
16780
22083
26511
26069
13746
12632
17798
18518
14924
23083
12755
15585
22313
24506
13145
25880
21621
20340
17795
20267
10760
15362
10452
20644
13476
12676
21825
29474
18031
20515
22603
10713
13730
10276
12562
16928
20509
20380
21291
29821
15105
14751
29620
29641
24958
20832
22677
17281
27861
28231
20583
11072
22316
23023
27121
16477
20710
19287
21535
11699
11095
13339
23844
16672
19992
27987
15788
11255
23187
17929
26975
25061
12779
10393
27596
28396
17078
12534
27195
19604
13010
25813
13813
20906
16122
14640
14596
20210
14547
21323
21791
29813
12259
28652
19130
24909
27807
17671
19589
24197
17603
25758
18108
24474
29758
14430
14864
19785
19102
12102
17339
20455
22646
26878
17968
29788
17640
21970
12898
12203
23681
16649
21625
17914
24496
29834
11692
14512
24901
19356
29044
26445
25507
23072
11025
20131
13296
11189
22576
23568
17210
15813
23212
28887
12697
19622
14703
24588
28974
29043
22796
13014
23268
24565
25640
14121
20174
12024
21842
14111
16294
11473
12414
11833
19898
17214
11241
11850
13446
15117
16750
11727
29738
15474
15825
12937
19783
29924
29971
11428
11286
22778
24090
27128
20572
15641
14532
18993
27462
20108
27945
20817
16768
20639
14954
24490
29251
28229
10921
15305
28753
14185
28759
25889
26015
28186
13534
19778
22223
22508
16565
17922
18858
26268
24077
16515
28260
19944
18120
13691
22718
13651
28537
17302
10214
26088
10950
16623
17878
25625
17944
29709
22497
29878
19282
24877
11012
25971
16764
22730
25833
24046
22338
11028
24711
16118
14312
11535
23858
14679
14049
19803
22110
20523
24534
13492
26979
17632
17016
13795
13541
11059
12598
18166
26721
28627
13975
20166
27268
14658
29685
22444
15341
20630
10771
22004
21644
29785
11034
13996
16598
20502
26229
27509
19511
25528
28147
21698
17550
27162
29935
11500
22029
23777
13024
14053
12824
28207
27442
11052
29305
12192
11261
11512
15606
14191
22195
13423
17876
10621
11718
19844
26356
12706
16896
17022
22543
21360
27961
10434
20160
27630
18959
15056
29324
12052
25617
26885
18567
13872
18343
13794
28226
16728
24768
15514
29868
21888
14723
10970
26660
27690
12216
12572
22596
12530
17807
12272
24181
19453
28217
17577
29281
25753
14439
29642
24301
25410
17069
16348
23908
19584
11976
11108
24726
25739
23877
23678
15214
24910
23076
26404
18066
11504
18933
10733
13295
14436
17120
19362
28373
27408
23980
16340
22168
11948
22782
25003
22292
18996
26368
11576
17667
10833
19866
11081
23403
14645
11536
14374
14859
23147
29978
10990
25038
13301
10881
20294
26489
25048
10063
13318
21867
26279
15840
29096
16949
24057
29743
16123
11474
11105
22146
21600
25632
20629
17762
29085
13059
29923
17686
13776
28948
17405
16830
11343
27078
20880
12449
21029
25893
15764
22894
26835
19386
17354
17317
10860
12546
25488
21886
14725
25751
29742
10695
17690
27505
11440
23319
24095
18693
26594
23751
26358
27640
14784
18096
24159
24027
12464
18747
15489
27864
13806
26854
12228
14100
23866
11871
12281
10300
23663
26946
15128
25241
15897
27325
17083
26477
20246
18265
11738
18457
28433
16834
15057
24313
26330
26576
10826
25717
23151
15218
17993
17908
18571
16618
27799
15930
18509
28774
19220
22813
29192
26458
12909
26388
15987
21772
13217
19217
16958
14509
12116
28720
11252
18369
11835
11956
15435
21638
20696
12853
25963
16516
14428
11614
19598
18523
24143
29977
15934
25596
11344
27820
11023
10241
27617
11730
13118
17887
14780
19486
25445
19906
28304
26145
28806
15665
11509
26029
16799
25532
26056
27606
22202
20084
14470
28389
14359
17219
10585
26554
14788
22443
16709
28689
13784
15610
21663
25434
29412
22870
18919
19278
26851
23511
24028
12750
14178
14332
24600
25721
17487
25984
21665
26844
22748
20920
17270
19228
23049
19443
24112
26336
20838
19860
17847
26577
29765
28034
18697
16409
28735
26503
11275
28981
23168
16778
13316
23006
20881
29067
29792
14368
16381
14833
14561
16733
14274
20951
11260
14605
12793
10475
21264
24010
19154
29464
15902
13786
17427
15467
23536
20650
24288
21986
19388
26353
14151
18757
10138
19026
10912
12260
28123
14914
18172
19039
16187
15015
21925
13358
17414
12042
27696
26496
27517
12175
15406
29201
23157
24721
14065
21822
25390
14813
20095
19711
19420
27212
24217
28983
28657
21674
23642
21856
28264
12133
10151
18053
24166
10444
25333
19945
14778
10438
26776
25435
27148
26764
11611
11167
14498
10447
18028
20766
16164
11890
12313
24000
21009
18606
19884
23508
25331
16937
27190
15502
29902
10170
16386
27017
16553
22770
17542
13608
12912
21335
26391
16853
15611
22627
14459
18643
19186
12745
10122
27996
26537
20247
16907
29436
17881
16103
20484
18627
23770
12380
13333
19007
15143
17462
11289
16910
13324
18305
28512
10392
12803
23159
29715
13543
21169
15338
15425
14578
19030
17661
22021
23599
19312
22325
25608
25113
25015
15593
24144
14688
20322
19775
27373
26545
22186
19774
28409
21236
24505
14494
19695
12605
10844
19224
16275
17447
26183
18621
14313
22950
18271
18985
26125
25137
10091
19190
15627
29292
26785
18557
18001
13074
25477
27161
18708
14890
23192
21575
10892
28832
12995
24558
18981
18227
16982
21065
28223
11233
11146
15730
21990
18656
19531
21574
20229
29156
15012
13408
13455
21592
21443
25189
21292
20406
28966
14863
20260
21403
26415
17879
28798
13684
14510
20862
15988
29456
20385
26426
23538
20194
12858
21598
12611
22352
10188
20975
23371
17163
23299
14966
28302
12580
23421
16224
12688
29722
15724
13641
16667
11094
12696
10350
29045
25837
29376
21019
23039
24632
21836
28821
15594
22356
18075
13798
21425
21537
20299
12818
29326
21802
12619
23073
22052
18201
15285
12065
29891
27703
17492
13141
14025
11996
13225
19428
20430
22334
29860
24127
28431
24923
16018
10127
12545
22636
15690
15102
12879
15621
23470
29359
17072
15687
23468
15569
12876
16821
27695
15575
14357
22610
26006
24260
29095
29010
21916
26357
16054
27060
28017
23683
23044
21894
13697
24998
15844
18469
15997
19678
16627
22405
11511
16832
24786
29864
16448
15320
28359
28460
15430
28783
28651
26261
28950
14511
26455
23855
10672
23038
19809
14872
23345
20200
28456
12599
11680
23146
20680
25735
27016
12836
12805
10520
16419
17901
22310
24941
10951
12252
24328
12693
27263
16690
19997
13768
21346
13930
27821
20368
28571
25590
27353
24398
19814
21694
13482
26215
18724
21584
19878
14678
22746
20621
25378
17797
15129
12130
12316
15018
18952
20099
22183
15830
11719
25581
27246
21021
20923
19802
16414
29231
26863
26990
20602
15171
28835
22190
10965
20133
26636
12282
29033
19134
24173
15702
21908
21395
13703
27411
23424
29421
24940
18713
17952
25652
28464
16526
14819
18619
19961
11574
22280
19919
10381
18830
12521
28763
11092
19908
29666
12968
15313
20737
17424
15973
26528
18517
24814
26712
21408
23188
21550
21076
12372
21413
28744
24300
16055
27312
14335
14129
17545
28234
19316
16002
10512
25705
14655
17473
13033
16829
22827
24897
29814
27974
27580
12852
14235
16291
23251
15059
29188
14617
22757
14676
27218
26451
29065
24042
24479
27657
24512
23593
27872
16307
25902
29986
18319
26152
16453
22683
28475
11969
23794
18910
13157
26800
12658
16748
20899
28660
29081
11281
19297
23160
20488
16883
24177
28688
12200
24666
15661
27691
20926
19831
20263
11703
19280
10751
11867
19263
19837
26341
12722
15085
27917
10002
27592
21201
18547
18673
20611
26939
13774
27107
25535
21469
21919
10655
29775
11796
25586
15246
23186
11717
26514
25908
14977
11715
28596
21725
10242
28767
16903
22451
12999
11033
12669
11068
23318
13134
25911
14940
14344
29920
28844
28070
29020
16358
25200
12911
12847
19058
22857
12948
27525
26025
28704
25726
25648
14306
26349
19456
13095
15191
22985
27366
13751
17981
10096
28254
10895
14414
15197
15827
13412
21654
28841
16335
10764
12215
12689
24861
25978
24224
15832
23975
11327
10175
25951
19198
26102
17188
10357
22518
11847
24953
13332
19309
24689
21304
17362
11960
17871
21800
10123
11896
18116
11425
18339
23755
25514
18977
16338
18234
26242
28398
28917
15609
21713
13109
21949
28811
25486
16705
19379
16377
26454
28749
20626
17173
18868
28515
27928
21759
19551
19246
18204
28905
25277
17564
24396
22321
13465
29518
12110
14463
10183
22953
18787
29888
18982
11093
13985
20840
17857
27112
11546
26172
12949
24012
18746
14442
18185
11986
11515
26384
25280
15063
18288
17118
25325
11382
10999
27389
26275
10172
15354
19698
20564
13765
24508
25950
21430
10128
22475
28230
15965
12680
22038
28091
25131
22285
17106
29596
16885
28625
18071
17226
13049
20594
18383
22570
13987
17325
29798
22008
24267
15929
25988
21578
16826
10894
17924
11973
26036
27227
24617
11197
26302
16356
24643
27719
24097
23445
29146
20735
27210
13272
11301
22970
18393
21588
13273
10786
25576
21157
25290
13170
19464
19140
11637
18114
29793
27216
19514
22929
28856
18334
25872
14150
15673
21207
20991
18409
14292
25830
26781
27432
11759
24032
14639
15155
16492
11269
27381
16072
21459
16047
10509
25516
17693
13782
10856
18994
15216
13348
20113
28043
19152
19166
21215
21930
28482
19972
29338
26471
17913
10643
11950
20026
20253
14757
28910
20083
28610
27568
14255
11829
16704
14017
23872
17071
21156
22051
24556
10544
11650
16352
13814
19625
10026
24782
14451
12813
10904
11903
20846
10783
23067
12900
23294
27972
29113
16179
20011
22849
21620
27941
16214
11016
10256
20366
11807
13973
13648
21398
15371
10229
29402
29694
29368
18047
23411
14693
27551
23399
23706
12752
20418
24236
10658
23343
24308
24005
17077
29560
12135
13851
18268
10492
10292
12220
17028
11817
28008
14465
21511
22692
10962
23727
22665
20311
29800
14765
11443
22773
19422
14295
11413
26755
15616
18243
18669
15298
29297
12235
14048
14230
27777
29330
27853
12944
13924
24241
17655
13220
12103
16295
10064
25678
16235
26305
10154
19816
12435
14611
27849
20712
18139
10075
27927
25773
10495
28176
20086
26473
22509
16370
13232
28290
17883
13028
19391
23131
21131
24915
12183
23084
22263
25543
11316
25249
19113
20304
22680
29459
23961
25250
19668
20465
20601
25796
19772
14493
19645
26120
14781
26240
26009
23566
11056
24021
23864
27699
10577
24664
28318
14492
19565
29233
11496
10414
16012
22591
23821
29772
15283
22122
27769
18380
21494
28592
17348
25443
28642
12340
12782
24362
18670
26824
17263
23243
27063
22344
27206
10594
12106
12085
20487
26002
19620
26720
10735
21329
13473
28920
22865
18540
14003
18437
14652
25062
29396
26805
29996
25178
13902
20333
13414
26097
15032
21319
14474
15231
13528
28567
11659
16847
22333
15055
13935
25842
27380
12857
22397
18149
16681
28052
29633
19567
24577
26730
22339
15850
16887
12432
23852
23295
14417
15238
22298
28635
20780
24169
15041
18100
13683
10012
10118
17419
13548
11246
20983
22733
14041
19407
18819
14840
14761
26212
11617
16831
16184
24415
26823
29501
13926
16194
23588
18375
27926
10440
24349
14802
27845
14240
24500
18960
11399
18769
23051
10182
10106
19758
17656
27698
20303
23571
25585
27975
21146
15211
14939
23283
26119
12566
14674
18176
13572
11932
17760
28461
17872
14496
29308
14445
20384
10484
25412
10011
28590
19042
25423
10377
23891
14882
10050
14804
13357
27180
11222
11063
24247
22224
13149
11679
14308
24862
25006
21088
12060
22030
29492
13043
10514
27204
17839
23271
21421
24184
24149
26777
16923
17986
29965
29771
28707
10945
13127
12427
16992
10021
21673
28616
13583
29763
26427
29863
22565
26004
23305
28916
17521
13293
28435
17653
18445
23497
17592
13921
15794
20489
23970
28385
27179
15551
14431
24514
26421
28882
15507
19666
27342
19105
22907
20784
27118
24720
16605
23392
19081
13605
18396
25910
12210
14696
21977
11045
25938
24787
27409
25127
10625
11359
10189
20772
12972
20758
26280
29274
29102
14820
17599
12992
11195
23316
25389
14156
14432
28181
18171
15557
15385
18556
28573
12300
17399
20062
16045
10102
11387
24803
11667
20081
16930
27114
23000
15678
28996
21571
15079
13443
24317
11775
16500
20997
21137
26146
17457
24810
18206
25156
27532
22883
13701
26974
15282
27550
25795
12581
22251
16770
23197
27863
22380
18240
25650
22664
10416
23971
15731
22727
25470
19933
13309
11665
24485
18821
17859
13532
11929
25823
22564
23219
22330
13678
19367
22023
13234
12798
22153
20348
23606
26348
29883
21085
29661
16474
20781
16974
13202
15577
20112
10942
23017
25152
13617
15222
16984
20078
13146
15047
20701
22228
16150
19082
18195
12493
10443
26834
28956
23873
29732
16732
29840
17918
19360
23853
13724
29547
25165
22185
16456
17498
27715
16404
14495
29059
20082
12914
12967
24745
29708
22797
12783
19257
17150
16278
10321
12832
22914
15699
10403
10898
23280
17039
25631
22507
29918
20915
28891
19197
27963
19657
22327
22673
16380
20118
22873
20256
14037
13500
23348
11355
25309
27510
13723
21477
19269
18231
17474
13933
22661
14941
25383
25719
14793
25494
10263
20104
14305
27213
10472
13275
27377
10316
12090
24497
29991
19337
15653
19078
26671
13085
21672
15826
27281
11076
16815
23546
11156
13469
21547
28019
27867
15328
24251
19319
13384
23013
29686
20070
28523
20300
21136
27631
27575
25550
15572
29777
14883
12169
23153
25755
13236
24637
19075
20361
24337
24519
10934
28248
24570
22040
29816
22142
21102
27587
13002
15945
15201
28406
24015
19236
21803
17689
13805
15223
10160
24122
14926
23489
23554
28379
15101
14073
29487
26918
18920
28191
23036
18030
19415
12934
20164
28391
15961
24194
10739
27573
26044
26062
17222
25226
17822
11935
15009
24549
26989
14897
11299
14018
27835
23169
28817
27475
27314
19987
24900
22398
21978
11732
14808
25945
29952
29490
12932
28723
15119
10109
22494
24783
21664
22360
10747
23563
26222
25036
22480
13912
16772
10036
24058
26857
20897
10570
16979
28215
25851
22653
18699
24795
22878
27951
24442
25260
25822
17650
12123
11192
12473
28601
17042
22939
16929
15475
17725
14072
14154
10957
17008
27447
28975
22189
12370
15384
20520
24491
19617
20819
28552
18815
23161
21593
10085
15647
21998
14089
14620
11984
17360
29387
15696
13835
23941
21318
10082
26332
12887
10628
24290
26603
25150
27816
18427
19168
19535
12274
11182
10098
13827
10479
28365
22711
29502
29823
10079
18103
17093
23221
27895
17573
29927
20040
22233
14378
13215
26448
19218
15914
16053
26142
12698
24356
28990
11002
15519
22232
29727
20331
24403
11818
15427
20240
18750
12193
23300
15279
16962
24454
12361
10267
11151
27264
18069
20028
15535
18715
14684
14718
13624
17138
23306
22402
18569
24174
22932
13982
28895
21345
26396
25854
26091
10711
24603
26063
29229
11545
24760
14824
20371
29038
11464
24552
14698
19899
16192
10863
14461
29837
25518
25633
23989
12151
18711
21589
21974
15941
17502
23350
14099
11147
26449
19111
23390
11696
13807
24620
13639
19692
26725
16284
19872
17738
22644
19383
15807
17432
27382
14614
12708
12211
21597
19347
27948
17389
29227
19146
13880
22766
11855
20033
24035
22452
29773
23843
21287
14410
28447
25947
22702
24642
12406
10586
23369
29599
25243
25897
11290
20685
20581
18533
16922
10653
22792
22392
12470
22804
15810
15160
25677
22902
22218
23484
28845
12290
25961
26160
23545
14632
29009
10110
21846
28090
27670
17802
16318
15188
21686
11311
23919
22095
20579
28551
13503
22331
26219
17451
12670
20289
24486
13531
29174
20350
20992
21556
28145
15472
23907
11191
16601
20243
24447
19874
18203
25401
27912
29407
19063
12366
28351
24246
25515
25921
13525
15946
24736
16276
26291
27528
26644
20957
25722
22990
14130
27345
11283
19912
29258
27082
18456
28997
10367
22020
12908
15225
29959
25032
28060
19735
25629
25816
26849
28288
10536
26322
12012
13143
23717
12864
27028
25513
25274
10473
16827
22484
12718
29014
20689
10061
22100
17412
18674
14689
21057
15096
11917
29612
10483
29961
21159
28323
28320
22357
18586
11816
27359
23930
23332
20433
26048
18283
27766
12542
25685
21756
11571
14488
18429
29203
23645
14981
21549
16058
26986
27302
21738
23883
22424
15533
13720
25415
18955
23931
28143
27848
16484
16941
25987
23047
18217
10498
12820
22438
18918
13884
13451
11187
23946
24116
27205
16246
25810
15347
21006
16451
21783
29345
22538
29276
12447
11245
23093
11501
23376
25904
12253
18420
19848
16918
12059
11080
13491
26059
28268
22467
27977
22657
18475
23018
22741
23449
11640
10314
16810
21954
12394
25780
20919
17894
26891
15331
20369
17617
15038
22557
14024
19183
14247
28814
17979
17244
17896
18239
23464
28918
29295
17376
17593
11797
21342
12067
23887
25960
15133
13320
24798
25373
19165
26564
25694
20795
21147
23550
27120
21012
28982
10806
12512
18360
27688
14899
22980
21891
11747
28870
29801
19116
12564
12025
13285
20989
28540
12878
27286
15799
11943
23091
18046
12410
28538
20137
11315
13668
27576
13842
10624
17323
29555
11371
25119
20578
27484
12483
14769
16610
17025
27147
11468
24123
18748
22174
28833
22893
18357
12575
21862
18512
13125
23661
11812
17139
17170
16545
19644
11735
24751
29762
28041
21474
13479
13783
13635
12008
27448
12584
22988
20739
10044
19810
13761
23829
16360
29914
17605
23787
25955
25801
10057
19970
14169
10469
19460
25499
16859
19268
11795
29653
11134
26409
15777
27725
25472
15078
18417
29394
25687
22155
21288
17728
23179
10504
24320
13013
14667
10896
17506
18609
13568
10941
23868
19375
13579
12830
22220
26914
15477
27166
11379
13586
21030
21497
22810
12774
24755
10967
27145
21499
17746
15273
15095
28054
18666
11035
28198
10676
25657
28810
21001
16587
17539
11502
21100
21500
16528
12682
29051
27560
29332
24205
16421
20169
26821
17485
17332
10476
23644
18370
13659
18371
29226
23892
18828
10946
20010
24613
29310
18419
28445
21377
17624
29906
28219
23632
14023
28013
13744
19092
29263
24493
29606
12607
20134
22191
11548
11242
17737
12051
23964
28661
23488
21816
29422
28664
20423
13585
22034
12838
10769
23314
28321
27570
20647
16959
21648
27585
15986
17228
12875
11620
21023
18888
16754
18743
13017
12251
22630
13102
17156
25588
26625
10801
16232
11612
24414
20731
21399
18735
17248
26260
21269
29046
19490
11627
25135
23965
13853
23552
26842
22505
19554
27736
14067
21119
10944
23276
10320
18068
28056
21529
28243
20271
16225
28277
12455
18142
15237
24851
29086
18592
25806
28889
10190
22555
27856
28501
18150
28481
22449
15614
26092
24792
26681
12989
15932
19318
18626
15457
24754
28476
14516
22188
26930
18610
29786
16475
11369
20724
18010
27569
13792
15531
22389
26962
17014
14213
13518
29828
23819
16973
26783
25303
11237
23987
18774
27151
29225
22530
21921
22826
12458
16345
18440
10582
24167
19993
20623
26314
29461
18945
13034
24967
17161
18421
16362
19221
23506
27965
18362
20748
19304
12240
20302
20921
21046
20090
27761
19336
25452
22719
18044
11101
24583
25196
25920
28748
20736
23077
29448
21961
17995
19455
12494
27805
13242
11729
28257
17186
12880
22606
19145
13496
22408
20687
27843
23431
29105
22678
29131
14449
19199
15413
20314
16282
14791
27496
29484
11914
12319
12166
13773
23789
15481
16836
29300
14670
21359
14677
14642
20538
22541
10741
13416
22118
26204
27394
22512
21532
19366
26904
15651
28066
29905
17991
20512
27598
24816
22260
11310
24344
26517
20130
16758
29505
17338
25659
13026
29161
26465
17233
19068
27185
11937
28575
13485
25994
24145
19540
14990
22270
20797
24799
14794
12256
13212
14491
15322
23349
14959
21732
25506
14456
16906
21307
25424
18117
16368
29534
18679
29650
27686
20456
13618
28576
10097
28345
18434
28485
13904
15499
26685
27905
24043
23056
11634
23711
20513
24231
24917
15321
23591
20065
25082
12049
17303
19000
22874
19759
15944
27602
13061
25223
12726
18430
17679
22459
10515
23479
13725
15849
22162
25734
21647
17975
18948
19651
26078
13599
12269
14878
22138
18522
17350
12279
10899
23503
13195
24604
21175
10312
10813
25012
15692
22806
24282
28115
17808
28919
16203
11985
17565
26690
26572
14575
24713
12800
13685
25187
16042
27883
25774
15193
28687
15389
22072
25215
22814
21838
15120
26533
13963
20085
15046
27590
14319
11931
19435
29926
16519
28498
27735
18238
25065
17869
23619
21653
16866
16471
25055
18162
24256
23888
15983
26303
12241
26103
28714
17570
23414
22544
16427
10101
12810
12957
17023
13210
29465
21473
16835
28245
28979
12433
23867
10613
15464
23242
22957
17433
23487
10879
27908
23194
27700
28588
23075
23026
13894
24327
15881
18886
16001
17216
17960
20075
27488
24845
15068
28913
22935
22889
13519
15556
26080
25887
15683
11690
20048
14609
24729
14300
20749
24011
24450
16792
10979
25054
14221
10551
28354
29284
15738
16902
17778
18428
12237
15397
23943
19357
23578
23220
19067
19409
26609
17548
13863
10845
21813
19264
18248
21229
26880
20733
12384
18499
10622
28782
20073
13250
14091
21237
19829
27398
14087
22572
28025
16908
17259
26964
17340
14081
17328
13800
21163
25246
21651
18208
12152
21165
12311
10521
13076
10531
23144
26540
17546
14946
13084
10982
29028
22171
24746
15048
14316
15951
21909
26443
24870
18127
23234
22978
21432
22300
20306
23213
26741
13432
26047
21968
19827
21860
12929
26136
29979
26505
14278
21051
19907
17567
24219
17670
23553
14416
11533
17985
19176
11745
18646
15100
11721
10273
24099
21064
23312
26414
15438
29072
21108
13695
25820
23055
23302
18225
12477
28179
29553
22019
19013
26373
27790
22971
24758
17767
24151
17943
23257
18107
22258
26153
25524
13849
10022
18460
24536
27663
14090
29701
10822
24096
11120
16784
15680
18027
16431
24248
20006
29314
12497
21230
10905
21899
29224
15178
22096
27704
25213
19175
22332
16029
13187
23417
27197
15483
28846
27911
15165
20059
18497
20750
29118
22170
11678
19969
27946
25693
11324
26247
19533
14787
12940
12703
26395
11954
19193
29159
24718
29037
21562
18005
18454
11305
16446
28204
19098
28484
23372
25725
13039
17142
12395
23384
15253
26789
22176
29475
12308
16490
27844
23113
12138
28742
19989
26262
16403
11577
20308
28727
14119
27833
27884
29486
10055
10073
16279
28439
12645
10148
27141
22888
17076
19070
29296
23496
14061
20725
18411
25701
23415
27236
14317
10766
25602
14077
12678
14398
24516
29416
23250
28697
11823
16091
22125
12683
22522
16531
28395
24413
16567
20859
11646
23886
25465